1499.2
261.361
534.888
387.471
113.865
332.637
798.571
263.681
178.552
113.214
932.294
1314.28
561.877
452.488
890.899
118.39
260.417
1708.41
131.385
230.011
222.277
776.325
644.249
155.515
923.2
238.674
350.026
496.138
206.01
757.51
114.957
1614.07
299.394
1053.45
217.988
144.831
1806.17
1839.69
1392.37
232.373
1098.78
268.523
186.314
623.367
171.693
263.467
1714.62
584.369
154.857
357.081
1524.83
311.793
185.291
1148.51
839.895
694.805
145.427
136.274
437.511
330.84
136.298
572.332
366.028
168.398
1918.81
312.856
524.11
195.128
719.939
974.038
175.992
108.354
283.231
240.566
128.835
142.289
1850.85
270.104
215.398
123.375
122.686
752.117
433.437
269.949
1515.87
138.742
799.583
110.345
596.342
441.086
341.875
276.961
499.694
113.166
586.121
367.708
758.37
360.346
445.253
492.699
